55815881991642676938912451447919
17911592219985158887396596221191
94857968119244957147224418181937
22771715258865791145281994888796
51951981226854178728511278679927
55289889667787879472223839991597
91979957849947794419929948997472
93183767811799338899968699191442
11311796657873514988286314949117
71322876419926371781331783698394
28886729897119458138992889197216
32711845911442536891898999849188
84368215921663694967399877963981
17653279833188989232788275173869
97251364224195697813592834213984
99939132773294991829793349481577
13959283533679584998185193682993
96195193789944864788999121364191
75866353961971798998183921811944
85487792788739138974529759514897
52999298697863719992238985923817
83877939862239543998115119618189
54681851483461952475381937792959
71287894619995232718978877876251
75877853197899929599245268995395
75995792926858541899812128991879
99252981276929539881361295172752
31888753795465194171399931187246
82191992993243618195663995814921
31714937472466573413675777371951
99152986116956392219684692214129
26892769987172131962199599332411
