7467923161199853975163878964955815881991642676938912451447919792683728694766149341499879987416299819
1791159221998515888739659622119122992926373186498969624468691386695488683281672918635142232198939239
9485796811924495714722441818193791389792933213587924999989769968213287794239372869154239239897583649
2277171525886579114528199488879687862967391988729261336278173814179663423317697525489998786347371356
5195198122685417872851127867992769199992846753794591274915576194235188612911897191347158517543132458
5528988966778787947222383999159759459512949498249162943841189213212264641728819565232171821719183265
9197995784994779441992994899747267962283997769392989943298137186286928633189399578778595676775991898
9318376781179933889996869919144219298394191271269688232471268559692365995242897871491179779396591232
1131179665787351498828631494911728523115731515991324929274418153691347887697171385279989996899793838
7132287641992637178133178369839428886729897119458138992889197216327118459114425368918989998491881145
8436821592166369496739987796398111794514362987278867877996998924161928185399713175651261697368284527
1765327983318898923278827517386997251364224195697813592834213984999391327732949918297933494815777649
1395928353367958499818519368299396195193789944864788999121364191758663539619717989981839218119449118
8548779278873913897452975951489752999298697863719992238985923817838779398622395439981151196181899974
5468185148346195247538193779295971287894619995232718978877876251758778531978999295992452689953959982
7599579292685854189981212899187999252981276929539881361295172752318887537954651941713999311872461513
8219199299324361819566399581492131714937472466573413675777371951399152986116956392219684692214129231
2689276998717213196219959933241512123476297929897151983811189888923794789128691779796995913299283684
3699189968917989492695787473972112459669955881798982392319982978738436121358892125368991383974614152
7744936679299911689162989989793999494216358817998993871699522683861695941873231461369171397498191188
